no cars left the simulator
no cars left the simulator
no cars left the simulator
no cars left the simulator
no cars left the simulator
56.089030206677265
58.74191002367798
79.20413026211278
83.24275646045419
87.75218427323273
89.91132224861441
91.28560126582279
93.17554858934169
93.61526232114467
94.96546310832025
71.47737909516381
75.09527559055118
78.5652853792025
79.13155833985904
80.0786782061369
83.08715953307393
85.50867507886436
85.06677265500795
84.2231793265466
85.78278041074249
80.7319749216301
82.25727773406766
83.93087195600943
87.20361635220125
88.36500395882818
91.53349093774625
90.16441620333597
91.471327572663
93.11401425178147
93.14092356687898
86.93601895734596
87.5437898089172
88.97700237906423
89.10238095238095
90.10700236034619
92.63108320251177
92.4826498422713
94.19623233908948
95.64319620253164
95.31503579952268
99.73448546739985
101.48501577287067
103.81973581973583
103.33542319749216
104.76590730557737
107.89313572542902
108.8328025477707
109.90047021943573
112.97941409342835
112.33018867924528
117.31474103585657
115.90118577075098
119.67593328038126
119.8405682715075
121.02786624203821
122.84130781499202
124.00791139240506
127.04701195219124
130.24072612470403
129.24462151394422
134.8762886597938
132.72034564021996
136.81184947958366
138.215360253365
139.45977917981074
138.22062350119904
143.21518987341773
141.6880513231756
144.33438735177864
145.852
144.37728355837967
146.54861660079052
150.53386454183266
150.708
155.5791567223548
152.1209935897436
156.45584725536992
158.61390887290167
159.74150197628458
162.5035856573705
163.5731319554849
163.9456692913386
165.06976744186048
169.16972111553784
169.95454545454547
170.79428117553613
176.81701444622792
170.67391304347825
176.40047961630697
176.88051323175623
177.57529880478089
180.46123101518785
181.51387787470262
184.38985736925514
184.6256
