1 no cars left the simulator
2 no cars left the simulator
3 no cars left the simulator
4 no cars left the simulator
5 no cars left the simulator
6 56.089030206677265
7 58.74191002367798
8 79.20413026211278
9 83.24275646045419
10 87.75218427323273
11 89.91132224861441
12 91.28560126582279
13 93.17554858934169
14 93.61526232114467
15 94.96546310832025
16 71.47737909516381
17 75.09527559055118
18 78.5652853792025
19 79.13155833985904
20 80.0786782061369
21 83.08715953307393
22 85.50867507886436
23 85.06677265500795
24 84.2231793265466
25 85.78278041074249
26 80.7319749216301
27 82.25727773406766
28 83.93087195600943
29 87.20361635220125
30 88.36500395882818
31 91.53349093774625
32 90.16441620333597
33 91.471327572663
34 93.11401425178147
35 93.14092356687898
36 86.93601895734596
37 87.5437898089172
38 88.97700237906423
39 89.10238095238095
40 90.10700236034619
41 92.63108320251177
42 92.4826498422713
43 94.19623233908948
44 95.64319620253164
45 95.31503579952268
46 99.73448546739985
47 101.48501577287067
48 103.81973581973583
49 103.33542319749216
50 104.76590730557737
51 107.89313572542902
52 108.8328025477707
53 109.90047021943573
54 112.97941409342835
55 112.33018867924528
56 117.31474103585657
57 115.90118577075098
58 119.67593328038126
59 119.8405682715075
60 121.02786624203821
61 122.84130781499202
62 124.00791139240506
63 127.04701195219124
64 130.24072612470403
65 129.24462151394422
66 134.8762886597938
67 132.72034564021996
68 136.81184947958366
69 138.215360253365
70 139.45977917981074
71 138.22062350119904
72 143.21518987341773
73 141.6880513231756
74 144.33438735177864
75 145.852
76 144.37728355837967
77 146.54861660079052
78 150.53386454183266
79 150.708
80 155.5791567223548
81 152.1209935897436
82 156.45584725536992
83 158.61390887290167
84 159.74150197628458
85 162.5035856573705
86 163.5731319554849
87 163.9456692913386
88 165.06976744186048
89 169.16972111553784
90 169.95454545454547
91 170.79428117553613
92 176.81701444622792
93 170.67391304347825
94 176.40047961630697
95 176.88051323175623
96 177.57529880478089
97 180.46123101518785
98 181.51387787470262
99 184.38985736925514
100 184.6256
